NRCA3:
    polygon: polygon(622.53776,2056.9545,828.92865,2056.9545,1055.9586,2072.4338,1190.1127,1752.5279,1282.9886,1515.1784,1071.438,1422.3025,1123.0357,1329.4266,921.80455,1252.03,792.81024,1350.0657,705.09411,1117.8759,400.66755,1148.8345,266.51346,1339.7461,256.19392,1706.09,328.43073,1891.8418,343.91005,2056.9545)
    xc: 680
    yc: 1680
    Rmax: 280
NRCA4:
    polygon: polygon(506.10845,362.27979,694.22515,532.48062,1118.2342,484.70495,1148.094,-22.911544,712.14111,-2.0097768,592.70176,-2.0097768,467.29072,63.681858)
    xc: 690
    yc: 150
    Rmax: 280
NRCB3:
    polygon: polygon(694.77457,-32.753332,684.45502,158.15825,710.25389,483.2239,1081.7575,736.05275,1525.4979,679.29525,1313.9473,199.43642,1313.9473,-6.9544702,1107.5564,-6.9544702)
    xc: 1160
    yc: 204
    Rmax: 470
NRCB4:
    polygon: polygon(792.81024,2087.9131,973.40228,2093.0729,1515.1784,2093.0729,1530.6577,1809.2854,1561.6155,1659.651,1649.3325,1510.0186,1639.012,1241.7101,1577.0948,1200.432,1618.3738,1143.6748,1633.8522,978.56212,1654.4913,823.76918,1515.1776,885.68636,1009.5207,978.56205,1030.1598,1324.2668,983.72182,1561.6163)
    xc: 1261
    yc: 1558
    Rmax: 500